{
  "nbformat": 4,
  "nbformat_minor": 0,
  "metadata": {
    "colab": {
      "provenance": [],
      "authorship_tag": "ABX9TyOXI9rS198C+MI93fJRn1+Q",
      "include_colab_link": true
    },
    "kernelspec": {
      "name": "python3",
      "display_name": "Python 3"
    },
    "language_info": {
      "name": "python"
    }
  },
  "cells": [
    {
      "cell_type": "markdown",
      "metadata": {
        "id": "view-in-github",
        "colab_type": "text"
      },
      "source": [
        "<a href=\"https://colab.research.google.com/github/AxelADN/Visualizer-for-Perceptual-Object-Recognition-Experiments/blob/main/Visualizer_for_Perceptual_Object_Recognition_Experiments.ipynb\" target=\"_parent\"><img src=\"https://colab.research.google.com/assets/colab-badge.svg\" alt=\"Open In Colab\"/></a>"
      ]
    },
    {
      "cell_type": "markdown",
      "source": [
        "# Visualizer from perceptual object recognition experimental results\n",
        "\n",
        "\n"
      ],
      "metadata": {
        "id": "7WIJTToaiU5X"
      }
    },
    {
      "cell_type": "code",
      "metadata": {
        "colab": {
          "base_uri": "https://localhost:8080/",
          "height": 822
        },
        "id": "KK4NY3qx6Gae",
        "outputId": "5f655bff-2573-4479-c6db-23359e94e51c"
      },
      "source": [
        "import numpy as np\n",
        "from sklearn.datasets import load_iris\n",
        "from sklearn.utils import Bunch\n",
        "import matplotlib.pyplot as plt\n",
        "from sklearn.manifold import MDS\n",
        "from sklearn.preprocessing import MinMaxScaler\n",
        "import matplotlib.colors as mcolors\n",
        "\n",
        "dataMatrix = [\n",
        "[1.0,0.04124149659863945,0.03789259631241553,0.00477326968973747,0.0895676219205631,0.03611971104231166,0.07509157509157509,0.09644059644059644,0.0907936507936508,0.34254619480112747,\n",
        "0.04124149659863945,1.0,0.01575963718820862,0.002777777777777778,0.03472158094006833,0.021315192743764172,0.04151404151404151,0.060064935064935064,0.053121693121693125,0.012892253675663814,\n",
        "0.03789259631241553,0.01575963718820862,1.0,0.0038314176245210726,0.04524886877828055,0.02257531365036436,0.061660561660561664,0.07287157287157287,0.0728042328042328,0.047718027405081354,\n",
        "0.00477326968973747,0.002777777777777778,0.0038314176245210726,1.0,0.004524886877828055,0.005159958720330237,0.006410256410256411,0.015151515151515152,0.020952380952380955,0.005376344086021505,\n",
        "0.0895676219205631,0.03472158094006833,0.04524886877828055,0.004524886877828055,1.0,0.049298921847941456,0.09645909645909645,0.14693121693121694,0.16236060236060237,0.05396373603204723,\n",
        "0.03611971104231166,0.021315192743764172,0.02257531365036436,0.005159958720330237,0.049298921847941456,1.0,0.02106227106227106,0.1217989417989418,0.09133903133903133,0.01830182491156558,\n",
        "0.07509157509157509,0.04151404151404151,0.061660561660561664,0.006410256410256411,0.09645909645909645,0.02106227106227106,1.0,0.11269230769230769,0.1054131054131054,0.03712237583205325,\n",
        "0.09644059644059644,0.060064935064935064,0.07287157287157287,0.015151515151515152,0.14693121693121694,0.1217989417989418,0.11269230769230769,1.0,0.365,0.07170506912442397,\n",
        "0.0907936507936508,0.053121693121693125,0.0728042328042328,0.020952380952380955,0.16236060236060237,0.09133903133903133,0.1054131054131054,0.365,1.0,0.06607192091063059,\n",
        "0.34254619480112747,0.012892253675663814,0.047718027405081354,0.005376344086021505,0.05396373603204723,0.01830182491156558,0.03712237583205325,0.07170506912442397,0.06607192091063059,1.0,\n",
        "],\n",
        "\n",
        "\n",
        "[1.0,0.0458279874850879,0.018359827786057294,0.01878730330982094,0.04358780549256739,0.030265559677324378,0.016839327978892638,0.02106034245948173,0.0212922578626769,0.30368758998287043,\n",
        "0.0458279874850879,1.0,0.03862183939983329,0.006578947368421052,0.017472274534421427,0.026143790849673203,0.027968436288929355,0.011784686839277669,0.030566997546537012,0.019267562518288428,\n",
        "0.018359827786057294,0.03862183939983329,1.0,0.043859649122807015,0.011363636363636362,0.012502475737769856,0.020408955108058822,0.015200073253365075,0.03534932542990337,0.0036429872495446266,\n",
        "0.01878730330982094,0.006578947368421052,0.043859649122807015,1.0,0.00782239102911919,0.01345179960209803,0.005509641873278237,0.004975124378109453,0.0043859649122807015,0.02003074697051908,\n",
        "0.04358780549256739,0.017472274534421427,0.011363636363636362,0.00782239102911919,1.0,0.017962740651816283,0.009389671361502348,0.02896560144064951,0.01849236241891609,0.014938907980145093,\n",
        "0.030265559677324378,0.026143790849673203,0.012502475737769856,0.01345179960209803,0.017962740651816283,1.0,0.046831955922865015,0.02084349494358274,0.014364314464015362,0.015587449183568044,\n",
        "0.016839327978892638,0.027968436288929355,0.020408955108058822,0.005509641873278237,0.009389671361502348,0.046831955922865015,1.0,0.011019283746556474,0.014054255964887706,0.016839327978892638,\n",
        "0.02106034245948173,0.011784686839277669,0.015200073253365075,0.004975124378109453,0.02896560144064951,0.02084349494358274,0.011019283746556474,1.0,0.17918170699703403,0.011995238531270032,\n",
        "0.0212922578626769,0.030566997546537012,0.03534932542990337,0.0043859649122807015,0.01849236241891609,0.014364314464015362,0.014054255964887706,0.17918170699703403,1.0,0.040615395940300704,\n",
        "0.30368758998287043,0.019267562518288428,0.0036429872495446266,0.02003074697051908,0.014938907980145093,0.015587449183568044,0.016839327978892638,0.011995238531270032,0.040615395940300704,1.0,\n",
        "],\n",
        "\n",
        "\n",
        "[1.0,0.0800438596491228,0.01933876811594203,0.06574440052700922,0.04127435064935065,0.047507157132825585,0.1278375149342891,0.055730121323208516,0.24761066398390344,0.3651567278287462,\n",
        "0.0800438596491228,1.0,0.031067251461988302,0.035818713450292396,0.043745727956254275,0.046418128654970754,0.09776981282357626,0.062134502923976605,0.09708249496981891,0.028955314009661837,\n",
        "0.01933876811594203,0.031067251461988302,1.0,0.012003148366784731,0.0210420962510099,0.027359153027602223,0.02562060268153458,0.03209828052718861,0.05072099262240107,0.009014758675708017,\n",
        "0.06574440052700922,0.035818713450292396,0.012003148366784731,1.0,0.02813852813852814,0.042313895255071725,0.114828089738484,0.04936583883952305,0.07922535211267606,0.054757156153247104,\n",
        "0.04127435064935065,0.043745727956254275,0.0210420962510099,0.02813852813852814,1.0,0.044864226682408505,0.055688304792247435,0.05075499694509907,0.06639839034205232,0.02168266516092603,\n",
        "0.047507157132825585,0.046418128654970754,0.027359153027602223,0.042313895255071725,0.044864226682408505,1.0,0.08583382542102107,0.10427238896138417,0.16764475743348983,0.022136970730321115,\n",
        "0.1278375149342891,0.09776981282357626,0.02562060268153458,0.114828089738484,0.055688304792247435,0.08583382542102107,1.0,0.0955784523035985,0.16065976370635868,0.09996017522899243,\n",
        "0.055730121323208516,0.062134502923976605,0.03209828052718861,0.04936583883952305,0.05075499694509907,0.10427238896138417,0.0955784523035985,1.0,0.2712510442773601,0.029138062547673527,\n",
        "0.24761066398390344,0.09708249496981891,0.05072099262240107,0.07922535211267606,0.06639839034205232,0.16764475743348983,0.16065976370635868,0.2712510442773601,1.0,0.061829309188464125,\n",
        "0.3651567278287462,0.028955314009661837,0.009014758675708017,0.054757156153247104,0.02168266516092603,0.022136970730321115,0.09996017522899243,0.029138062547673527,0.061829309188464125,1.0,\n",
        "],\n",
        "\n",
        "\n",
        "[1.0,0.037994891443167304,0.07331322377088967,0.032679738562091505,0.0738200326056702,0.038461538461538464,0.05854402008248163,0.034118357487922704,0.0600104821802935,0.3090203384567614,\n",
        "0.037994891443167304,1.0,0.037675606641123884,0.025702426564495534,0.0295338441890166,0.045338441890166024,0.02701073854920009,0.015006385696040868,0.03275681341719078,0.036877394636015325,\n",
        "0.07331322377088967,0.037675606641123884,1.0,0.026783856875390057,0.047290255341323605,0.05311698217876707,0.06970829440465068,0.03308543096872616,0.05527970870572658,0.0647414997671169,\n",
        "0.032679738562091505,0.025702426564495534,0.026783856875390057,1.0,0.023102310231023104,0.022875816993464054,0.027613412228796846,0.03351449275362319,0.0440251572327044,0.028023598820059,\n",
        "0.0738200326056702,0.0295338441890166,0.047290255341323605,0.023102310231023104,1.0,0.052367887391148754,0.05762695753427913,0.0392221058145626,0.0761536712889293,0.06944184091386764,\n",
        "0.038461538461538464,0.045338441890166024,0.05311698217876707,0.022875816993464054,0.052367887391148754,1.0,0.04489420835574681,0.03002854633289416,0.05457086589162061,0.042058686539357244,\n",
        "0.05854402008248163,0.02701073854920009,0.06970829440465068,0.027613412228796846,0.05762695753427913,0.04489420835574681,1.0,0.04883898153128922,0.06215456451305509,0.046866594943518025,\n",
        "0.034118357487922704,0.015006385696040868,0.03308543096872616,0.03351449275362319,0.0392221058145626,0.03002854633289416,0.04883898153128922,1.0,0.02546858459430849,0.02875667429443173,\n",
        "0.0600104821802935,0.03275681341719078,0.05527970870572658,0.0440251572327044,0.0761536712889293,0.05457086589162061,0.06215456451305509,0.02546858459430849,1.0,0.04826216484607746,\n",
        "0.3090203384567614,0.036877394636015325,0.0647414997671169,0.028023598820059,0.06944184091386764,0.042058686539357244,0.046866594943518025,0.02875667429443173,0.04826216484607746,1.0,\n",
        "],\n",
        "\n",
        "\n",
        "[1.0,0.010390480978716274,0.00878392876300826,9.523809523809524E-4,0.01803020058598152,0.02606975907946782,0.04428904428904429,0.03384333531392355,0.035211267605633804,0.019644561944628037,\n",
        "0.010390480978716274,1.0,0.00938495056142115,0.0,0.027850220547989312,0.018803418803418806,0.031302031302031304,0.04254703901762726,0.028169014084507043,0.022435191304986415,\n",
        "0.00878392876300826,0.00938495056142115,1.0,0.00697350069735007,0.047506358865385234,0.024143809081047574,0.04528804528804529,0.047756981580511,0.058685446009389665,0.038334434897554524,\n",
        "9.523809523809524E-4,0.0,0.00697350069735007,1.0,0.0049261083743842365,0.0021574973031283713,0.011655011655011656,0.027080762374880024,0.009389671361502348,0.009363295880149813,\n",
        "0.01803020058598152,0.027850220547989312,0.047506358865385234,0.0049261083743842365,1.0,0.043951833607006024,0.0685980685980686,0.08766587443058031,0.07981220657276995,0.05192039362561504,\n",
        "0.02606975907946782,0.018803418803418806,0.024143809081047574,0.0021574973031283713,0.043951833607006024,1.0,0.045621045621045624,0.10581303228362053,0.08450704225352113,0.03920099875156055,\n",
        "0.04428904428904429,0.031302031302031304,0.04528804528804529,0.011655011655011656,0.0685980685980686,0.045621045621045624,1.0,0.08139083139083138,0.08450704225352113,0.10079394289920605,\n",
        "0.03384333531392355,0.04254703901762726,0.047756981580511,0.027080762374880024,0.08766587443058031,0.10581303228362053,0.08139083139083138,1.0,0.14084507042253522,0.06049729504785684,\n",
        "0.035211267605633804,0.028169014084507043,0.058685446009389665,0.009389671361502348,0.07981220657276995,0.08450704225352113,0.08450704225352113,0.14084507042253522,1.0,0.056338028169014086,\n",
        "0.019644561944628037,0.022435191304986415,0.038334434897554524,0.009363295880149813,0.05192039362561504,0.03920099875156055,0.10079394289920605,0.06049729504785684,0.056338028169014086,1.0,\n",
        "],\n",
        "\n",
        "\n",
        "[1.0,0.5557093828742683,0.28829814791632835,0.135186119349893,0.29732803186828305,0.02191068403028673,0.3922685453155037,0.25223438656157937,0.3732500765349439,0.23290853857299199,\n",
        "0.5557093828742683,1.0,0.6597993854894704,0.4544552013395784,0.6670209377296823,0.32865282386055894,0.7818729309227201,0.6360630176953748,0.7545291954473173,0.6023870226481463,\n",
        "0.28829814791632835,0.6597993854894704,1.0,0.3000206985192503,0.5880443121832476,0.3228485624444579,0.6613753236467568,0.6239017080616395,0.6217128706367335,0.6444124533198814,\n",
        "0.135186119349893,0.4544552013395784,0.3000206985192503,1.0,0.20121625490660255,0.0,0.4298939913561992,0.3081389800215909,0.3641129816898667,0.2722927390338129,\n",
        "0.29732803186828305,0.6670209377296823,0.5880443121832476,0.20121625490660255,1.0,0.32948634207587557,0.6243950021132321,0.6857574356641684,0.6863312928146392,0.696899312239022,\n",
        "0.02191068403028673,0.32865282386055894,0.3228485624444579,0.0,0.32948634207587557,1.0,0.35783091912580367,0.3419606083629454,0.36858237452917064,0.34770103901608906,\n",
        "0.3922685453155037,0.7818729309227201,0.6613753236467568,0.4298939913561992,0.6243950021132321,0.35783091912580367,1.0,0.7377677328676373,0.7823835770263788,0.7091734102111868,\n",
        "0.25223438656157937,0.6360630176953748,0.6239017080616395,0.3081389800215909,0.6857574356641684,0.3419606083629454,0.7377677328676373,1.0,0.8025460418110089,0.8089817939790858,\n",
        "0.3732500765349439,0.7545291954473173,0.6217128706367335,0.3641129816898667,0.6863312928146392,0.36858237452917064,0.7823835770263788,0.8025460418110089,1.0,0.7358379367914321,\n",
        "0.23290853857299199,0.6023870226481463,0.6444124533198814,0.2722927390338129,0.696899312239022,0.34770103901608906,0.7091734102111868,0.8089817939790858,0.7358379367914321,1.0,\n",
        "],\n",
        "\n",
        "\n",
        "\n",
        "[1.0,0.0,0.0,0.0,0.05,0.0,0.0,0.0,0.0,0.0,\n",
        "0.0,1.0,0.0,0.0,0.0,0.0,0.0,0.0,0.0,0.0,\n",
        "0.0,0.0,1.0,0.0,0.0,0.0,0.0,0.0,0.0,0.03125,\n",
        "0.0,0.0,0.0,1.0,0.0,0.0,0.0,0.0,0.0,0.0,\n",
        "0.05,0.0,0.0,0.0,1.0,0.037037037037037035,0.038461538461538464,0.04,0.07692307692307693,0.03333333333333333,\n",
        "0.0,0.0,0.0,0.0,0.037037037037037035,1.0,0.0,0.04,0.038461538461538464,0.037037037037037035,\n",
        "0.0,0.0,0.0,0.0,0.038461538461538464,0.0,1.0,0.04,0.038461538461538464,0.0,\n",
        "0.0,0.0,0.0,0.0,0.04,0.04,0.04,1.0,0.36,0.04,\n",
        "0.0,0.0,0.0,0.0,0.07692307692307693,0.038461538461538464,0.038461538461538464,0.36,1.0,0.038461538461538464,\n",
        "0.0,0.0,0.03125,0.0,0.03333333333333333,0.037037037037037035,0.0,0.04,0.038461538461538464,1.0,\n",
        "],\n",
        "[1.0,0.061224489795918366,0.04854368932038835,0.0,0.0784313725490196,0.058823529411764705,0.07142857142857142,0.14285714285714285,0.09523809523809523,0.06796116504854369,\n",
        "0.061224489795918366,1.0,0.030612244897959183,0.0,0.04081632653061224,0.030612244897959183,0.047619047619047616,0.08928571428571429,0.07936507936507936,0.030612244897959183,\n",
        "0.04854368932038835,0.030612244897959183,1.0,0.0,0.058823529411764705,0.029411764705882353,0.09523809523809523,0.14285714285714285,0.12698412698412698,0.07964601769911504,\n",
        "0.0,0.0,0.0,1.0,0.0,0.0,0.0,0.0,0.0,0.0,\n",
        "0.0784313725490196,0.04081632653061224,0.058823529411764705,0.0,1.0,0.029411764705882353,0.07142857142857142,0.17857142857142858,0.15873015873015872,0.08823529411764706,\n",
        "0.058823529411764705,0.030612244897959183,0.029411764705882353,0.0,0.029411764705882353,1.0,0.011904761904761904,0.21428571428571427,0.12698412698412698,0.00980392156862745,\n",
        "0.07142857142857142,0.047619047619047616,0.09523809523809523,0.0,0.07142857142857142,0.011904761904761904,1.0,0.125,0.1111111111111111,0.09523809523809523,\n",
        "0.14285714285714285,0.08928571428571429,0.14285714285714285,0.0,0.17857142857142858,0.21428571428571427,0.125,1.0,0.375,0.14285714285714285,\n",
        "0.09523809523809523,0.07936507936507936,0.12698412698412698,0.0,0.15873015873015872,0.12698412698412698,0.1111111111111111,0.375,1.0,0.09523809523809523,\n",
        "0.06796116504854369,0.030612244897959183,0.07964601769911504,0.0,0.08823529411764706,0.00980392156862745,0.09523809523809523,0.14285714285714285,0.09523809523809523,1.0,\n",
        "],\n",
        "[1.0,0.0625,0.06513409961685823,0.014319809069212411,0.14027149321266968,0.04953560371517028,0.15384615384615385,0.14646464646464646,0.17714285714285713,0.9596774193548387,\n",
        "0.0625,1.0,0.016666666666666666,0.008333333333333333,0.06334841628959276,0.03333333333333333,0.07692307692307693,0.09090909090909091,0.08,0.008064516129032258,\n",
        "0.06513409961685823,0.016666666666666666,1.0,0.011494252873563218,0.07692307692307693,0.038314176245210725,0.08974358974358974,0.07575757575757576,0.09142857142857143,0.03225806451612903,\n",
        "0.014319809069212411,0.008333333333333333,0.011494252873563218,1.0,0.013574660633484163,0.015479876160990712,0.019230769230769232,0.045454545454545456,0.06285714285714286,0.016129032258064516,\n",
        "0.14027149321266968,0.06334841628959276,0.07692307692307693,0.013574660633484163,1.0,0.08144796380090498,0.1794871794871795,0.2222222222222222,0.25142857142857145,0.04032258064516129,\n",
        "0.04953560371517028,0.03333333333333333,0.038314176245210725,0.015479876160990712,0.08144796380090498,1.0,0.05128205128205128,0.1111111111111111,0.10857142857142857,0.008064516129032258,\n",
        "0.15384615384615385,0.07692307692307693,0.08974358974358974,0.019230769230769232,0.1794871794871795,0.05128205128205128,1.0,0.17307692307692307,0.16666666666666666,0.016129032258064516,\n",
        "0.14646464646464646,0.09090909090909091,0.07575757575757576,0.045454545454545456,0.2222222222222222,0.1111111111111111,0.17307692307692307,1.0,0.36,0.03225806451612903,\n",
        "0.17714285714285713,0.08,0.09142857142857143,0.06285714285714286,0.25142857142857145,0.10857142857142857,0.16666666666666666,0.36,1.0,0.06451612903225806,\n",
        "0.9596774193548387,0.008064516129032258,0.03225806451612903,0.016129032258064516,0.04032258064516129,0.008064516129032258,0.016129032258064516,0.03225806451612903,0.06451612903225806,1.0,\n",
        "],\n",
        "\n",
        "\n",
        "\n",
        "\n",
        "[1.0,0.0,0.0,0.0,0.0,0.0,0.0,0.0,0.0,0.0,\n",
        "0.0,1.0,0.0,0.0,0.0,0.0,0.0,0.0,0.0,0.0,\n",
        "0.0,0.0,1.0,0.0,0.0,0.0,0.0,0.0,0.0,0.0,\n",
        "0.0,0.0,0.0,1.0,0.0,0.0,0.0,0.0,0.0,0.0,\n",
        "0.0,0.0,0.0,0.0,1.0,0.0,0.0,0.0,0.0,0.0,\n",
        "0.0,0.0,0.0,0.0,0.0,1.0,0.0,0.0,0.0,0.0,\n",
        "0.0,0.0,0.0,0.0,0.0,0.0,1.0,0.0,0.0,0.0,\n",
        "0.0,0.0,0.0,0.0,0.0,0.0,0.0,1.0,0.42857142857142855,0.0,\n",
        "0.0,0.0,0.0,0.0,0.0,0.0,0.0,0.42857142857142855,1.0,0.0,\n",
        "0.0,0.0,0.0,0.0,0.0,0.0,0.0,0.0,0.0,1.0,\n",
        "],\n",
        "[1.0,0.03389830508474576,0.011363636363636364,0.010309278350515464,0.11224489795918367,0.04504504504504504,0.04225352112676056,0.04477611940298507,0.05084745762711865,0.8865979381443299,\n",
        "0.03389830508474576,1.0,0.03389830508474576,0.0,0.03389830508474576,0.0,0.05084745762711865,0.01694915254237288,0.06779661016949153,0.03389830508474576,\n",
        "0.011363636363636364,0.03389830508474576,1.0,0.0,0.03409090909090909,0.011363636363636364,0.028169014084507043,0.014925373134328358,0.06779661016949153,0.0,\n",
        "0.010309278350515464,0.0,0.0,1.0,0.010309278350515464,0.020618556701030927,0.0,0.014925373134328358,0.0,0.020618556701030927,\n",
        "0.11224489795918367,0.03389830508474576,0.03409090909090909,0.010309278350515464,1.0,0.04081632653061224,0.028169014084507043,0.07462686567164178,0.05084745762711865,0.030927835051546393,\n",
        "0.04504504504504504,0.0,0.011363636363636364,0.020618556701030927,0.04081632653061224,1.0,0.0,0.029850746268656716,0.01694915254237288,0.020618556701030927,\n",
        "0.04225352112676056,0.05084745762711865,0.028169014084507043,0.0,0.028169014084507043,0.0,1.0,0.0,0.03389830508474576,0.04225352112676056,\n",
        "0.04477611940298507,0.01694915254237288,0.014925373134328358,0.014925373134328358,0.07462686567164178,0.029850746268656716,0.0,1.0,0.01694915254237288,0.029850746268656716,\n",
        "0.05084745762711865,0.06779661016949153,0.06779661016949153,0.0,0.05084745762711865,0.01694915254237288,0.03389830508474576,0.01694915254237288,1.0,0.03389830508474576,\n",
        "0.8865979381443299,0.03389830508474576,0.0,0.020618556701030927,0.030927835051546393,0.020618556701030927,0.04225352112676056,0.029850746268656716,0.03389830508474576,1.0,\n",
        "],\n",
        "[1.0,0.10358565737051793,0.04371584699453552,0.046052631578947366,0.018518518518518517,0.0457516339869281,0.008264462809917356,0.018404907975460124,0.013029315960912053,0.024464831804281346,\n",
        "0.10358565737051793,1.0,0.08196721311475409,0.019736842105263157,0.018518518518518517,0.0784313725490196,0.03305785123966942,0.018404907975460124,0.02390438247011952,0.02390438247011952,\n",
        "0.04371584699453552,0.08196721311475409,1.0,0.13157894736842105,0.0,0.026143790849673203,0.03305785123966942,0.03067484662576687,0.03825136612021858,0.01092896174863388,\n",
        "0.046052631578947366,0.019736842105263157,0.13157894736842105,1.0,0.013157894736842105,0.019736842105263157,0.01652892561983471,0.0,0.013157894736842105,0.039473684210526314,\n",
        "0.018518518518518517,0.018518518518518517,0.0,0.013157894736842105,1.0,0.013071895424836602,0.0,0.012269938650306749,0.004629629629629629,0.013888888888888888,\n",
        "0.0457516339869281,0.0784313725490196,0.026143790849673203,0.019736842105263157,0.013071895424836602,1.0,0.14049586776859505,0.032679738562091505,0.026143790849673203,0.026143790849673203,\n",
        "0.008264462809917356,0.03305785123966942,0.03305785123966942,0.01652892561983471,0.0,0.14049586776859505,1.0,0.03305785123966942,0.008264462809917356,0.008264462809917356,\n",
        "0.018404907975460124,0.018404907975460124,0.03067484662576687,0.0,0.012269938650306749,0.032679738562091505,0.03305785123966942,1.0,0.09202453987730061,0.006134969325153374,\n",
        "0.013029315960912053,0.02390438247011952,0.03825136612021858,0.013157894736842105,0.004629629629629629,0.026143790849673203,0.008264462809917356,0.09202453987730061,1.0,0.08794788273615635,\n",
        "0.024464831804281346,0.02390438247011952,0.01092896174863388,0.039473684210526314,0.013888888888888888,0.026143790849673203,0.008264462809917356,0.006134969325153374,0.08794788273615635,1.0,\n",
        "],\n",
        "\n",
        "\n",
        "\n",
        "[1.0,0.0,0.0,0.0,0.0,0.0,0.0,0.0,0.0,0.03125,\n",
        "0.0,1.0,0.0,0.0,0.0,0.0,0.0,0.0,0.0,0.0,\n",
        "0.0,0.0,1.0,0.0,0.0,0.0,0.0,0.0,0.0,0.0,\n",
        "0.0,0.0,0.0,1.0,0.0,0.0,0.0,0.0,0.0,0.02857142857142857,\n",
        "0.0,0.0,0.0,0.0,1.0,0.0,0.0,0.0,0.0,0.0,\n",
        "0.0,0.0,0.0,0.0,0.0,1.0,0.034482758620689655,0.0,0.041666666666666664,0.0,\n",
        "0.0,0.0,0.0,0.0,0.0,0.034482758620689655,1.0,0.047619047619047616,0.08333333333333333,0.0,\n",
        "0.0,0.0,0.0,0.0,0.0,0.0,0.047619047619047616,1.0,0.38095238095238093,0.0,\n",
        "0.0,0.0,0.0,0.0,0.0,0.041666666666666664,0.08333333333333333,0.38095238095238093,1.0,0.0,\n",
        "0.03125,0.0,0.0,0.02857142857142857,0.0,0.0,0.0,0.0,0.0,1.0,\n",
        "],\n",
        "[1.0,0.0625,0.017391304347826087,0.06086956521739131,0.05194805194805195,0.0392156862745098,0.16129032258064516,0.07017543859649122,0.1267605633802817,0.06422018348623854,\n",
        "0.0625,1.0,0.020833333333333332,0.041666666666666664,0.025974025974025976,0.020833333333333332,0.14516129032258066,0.03508771929824561,0.11267605633802817,0.052083333333333336,\n",
        "0.017391304347826087,0.020833333333333332,1.0,0.01652892561983471,0.012987012987012988,0.049019607843137254,0.06451612903225806,0.07017543859649122,0.09859154929577464,0.01834862385321101,\n",
        "0.06086956521739131,0.041666666666666664,0.01652892561983471,1.0,0.012987012987012988,0.049019607843137254,0.25806451612903225,0.07017543859649122,0.11267605633802817,0.10091743119266056,\n",
        "0.05194805194805195,0.025974025974025976,0.012987012987012988,0.012987012987012988,1.0,0.05194805194805195,0.08064516129032258,0.07017543859649122,0.056338028169014086,0.03896103896103896,\n",
        "0.0392156862745098,0.020833333333333332,0.049019607843137254,0.049019607843137254,0.05194805194805195,1.0,0.16129032258064516,0.19298245614035087,0.2112676056338028,0.049019607843137254,\n",
        "0.16129032258064516,0.14516129032258066,0.06451612903225806,0.25806451612903225,0.08064516129032258,0.16129032258064516,1.0,0.14035087719298245,0.22580645161290322,0.22580645161290322,\n",
        "0.07017543859649122,0.03508771929824561,0.07017543859649122,0.07017543859649122,0.07017543859649122,0.19298245614035087,0.14035087719298245,1.0,0.2631578947368421,0.05263157894736842,\n",
        "0.1267605633802817,0.11267605633802817,0.09859154929577464,0.11267605633802817,0.056338028169014086,0.2112676056338028,0.22580645161290322,0.2631578947368421,1.0,0.14084507042253522,\n",
        "0.06422018348623854,0.052083333333333336,0.01834862385321101,0.10091743119266056,0.03896103896103896,0.049019607843137254,0.22580645161290322,0.05263157894736842,0.14084507042253522,1.0,\n",
        "],\n",
        "[1.0,0.17763157894736842,0.040625,0.13636363636363635,0.071875,0.10330578512396695,0.2222222222222222,0.09701492537313433,0.6160714285714286,1.0,\n",
        "0.17763157894736842,1.0,0.07236842105263158,0.06578947368421052,0.10526315789473684,0.11842105263157894,0.14814814814814814,0.1513157894736842,0.17857142857142858,0.034782608695652174,\n",
        "0.040625,0.07236842105263158,1.0,0.01948051948051948,0.05013927576601671,0.03305785123966942,0.012345679012345678,0.026119402985074626,0.05357142857142857,0.008695652173913044,\n",
        "0.13636363636363635,0.06578947368421052,0.01948051948051948,1.0,0.07142857142857142,0.07792207792207792,0.08641975308641975,0.07792207792207792,0.125,0.034782608695652174,\n",
        "0.071875,0.10526315789473684,0.05013927576601671,0.07142857142857142,1.0,0.08264462809917356,0.08641975308641975,0.08208955223880597,0.14285714285714285,0.02608695652173913,\n",
        "0.10330578512396695,0.11842105263157894,0.03305785123966942,0.07792207792207792,0.08264462809917356,1.0,0.06172839506172839,0.11983471074380166,0.25,0.017391304347826087,\n",
        "0.2222222222222222,0.14814814814814814,0.012345679012345678,0.08641975308641975,0.08641975308641975,0.06172839506172839,1.0,0.09876543209876543,0.1728395061728395,0.07407407407407407,\n",
        "0.09701492537313433,0.1513157894736842,0.026119402985074626,0.07792207792207792,0.08208955223880597,0.11983471074380166,0.09876543209876543,1.0,0.16964285714285715,0.034782608695652174,\n",
        "0.6160714285714286,0.17857142857142858,0.05357142857142857,0.125,0.14285714285714285,0.25,0.1728395061728395,0.16964285714285715,1.0,0.044642857142857144,\n",
        "1.0,0.034782608695652174,0.008695652173913044,0.034782608695652174,0.02608695652173913,0.017391304347826087,0.07407407407407407,0.034782608695652174,0.044642857142857144,1.0,\n",
        "],\n",
        "\n",
        "\n",
        "\n",
        "\n",
        "[1.0,0.0,0.0,0.0,0.0,0.0,0.0,0.0,0.0,0.0,\n",
        "0.0,1.0,0.0,0.0,0.0,0.0,0.0,0.0,0.0,0.0,\n",
        "0.0,0.0,1.0,0.0,0.0,0.0,0.05263157894736842,0.0,0.0,0.0,\n",
        "0.0,0.0,0.0,1.0,0.0,0.0,0.0,0.0625,0.0,0.0,\n",
        "0.0,0.0,0.0,0.0,1.0,0.0,0.0,0.0,0.0,0.03571428571428571,\n",
        "0.0,0.0,0.0,0.0,0.0,1.0,0.0,0.0,0.0,0.0,\n",
        "0.0,0.0,0.05263157894736842,0.0,0.0,0.0,1.0,0.0,0.0,0.0,\n",
        "0.0,0.0,0.0,0.0625,0.0,0.0,0.0,1.0,0.0,0.0,\n",
        "0.0,0.0,0.0,0.0,0.0,0.0,0.0,0.0,1.0,0.0,\n",
        "0.0,0.0,0.0,0.0,0.03571428571428571,0.0,0.0,0.0,0.0,1.0,\n",
        "],\n",
        "[1.0,0.027777777777777776,0.06578947368421052,0.0,0.04819277108433735,0.041666666666666664,0.045454545454545456,0.020833333333333332,0.041666666666666664,0.042105263157894736,\n",
        "0.027777777777777776,1.0,0.05555555555555555,0.013888888888888888,0.013888888888888888,0.05555555555555555,0.027777777777777776,0.027777777777777776,0.041666666666666664,0.041666666666666664,\n",
        "0.06578947368421052,0.05555555555555555,1.0,0.013157894736842105,0.013157894736842105,0.05263157894736842,0.02631578947368421,0.039473684210526314,0.05263157894736842,0.05263157894736842,\n",
        "0.0,0.013888888888888888,0.013157894736842105,1.0,0.0,0.0,0.0,0.0,0.0,0.0,\n",
        "0.04819277108433735,0.013888888888888888,0.013157894736842105,0.0,1.0,0.04819277108433735,0.07228915662650602,0.03614457831325301,0.0963855421686747,0.024096385542168676,\n",
        "0.041666666666666664,0.05555555555555555,0.05263157894736842,0.0,0.04819277108433735,1.0,0.03409090909090909,0.030303030303030304,0.050505050505050504,0.042105263157894736,\n",
        "0.045454545454545456,0.027777777777777776,0.02631578947368421,0.0,0.07228915662650602,0.03409090909090909,1.0,0.03409090909090909,0.07954545454545454,0.03409090909090909,\n",
        "0.020833333333333332,0.027777777777777776,0.039473684210526314,0.0,0.03614457831325301,0.030303030303030304,0.03409090909090909,1.0,0.019801980198019802,0.021052631578947368,\n",
        "0.041666666666666664,0.041666666666666664,0.05263157894736842,0.0,0.0963855421686747,0.050505050505050504,0.07954545454545454,0.019801980198019802,1.0,0.031578947368421054,\n",
        "0.042105263157894736,0.041666666666666664,0.05263157894736842,0.0,0.024096385542168676,0.042105263157894736,0.03409090909090909,0.021052631578947368,0.031578947368421054,1.0,\n",
        "],\n",
        "[1.0,0.08620689655172414,0.1541501976284585,0.09803921568627451,0.17326732673267325,0.07371794871794872,0.1301775147928994,0.08152173913043478,0.13836477987421383,0.8849557522123894,\n",
        "0.08620689655172414,1.0,0.05747126436781609,0.06321839080459771,0.07471264367816093,0.08045977011494253,0.05325443786982249,0.017241379310344827,0.05660377358490566,0.06896551724137931,\n",
        "0.1541501976284585,0.05747126436781609,1.0,0.06719367588932806,0.12871287128712872,0.1067193675889328,0.1301775147928994,0.059782608695652176,0.11320754716981132,0.1415929203539823,\n",
        "0.09803921568627451,0.06321839080459771,0.06719367588932806,1.0,0.06930693069306931,0.06862745098039216,0.08284023668639054,0.03804347826086957,0.1320754716981132,0.084070796460177,\n",
        "0.17326732673267325,0.07471264367816093,0.12871287128712872,0.06930693069306931,1.0,0.10891089108910891,0.10059171597633136,0.08152173913043478,0.1320754716981132,0.1485148514851485,\n",
        "0.07371794871794872,0.08045977011494253,0.1067193675889328,0.06862745098039216,0.10891089108910891,1.0,0.10059171597633136,0.059782608695652176,0.11320754716981132,0.084070796460177,\n",
        "0.1301775147928994,0.05325443786982249,0.1301775147928994,0.08284023668639054,0.10059171597633136,0.10059171597633136,1.0,0.11242603550295859,0.1069182389937107,0.10650887573964497,\n",
        "0.08152173913043478,0.017241379310344827,0.059782608695652176,0.03804347826086957,0.08152173913043478,0.059782608695652176,0.11242603550295859,1.0,0.05660377358490566,0.06521739130434782,\n",
        "0.13836477987421383,0.05660377358490566,0.11320754716981132,0.1320754716981132,0.1320754716981132,0.11320754716981132,0.1069182389937107,0.05660377358490566,1.0,0.11320754716981132,\n",
        "0.8849557522123894,0.06896551724137931,0.1415929203539823,0.084070796460177,0.1485148514851485,0.084070796460177,0.10650887573964497,0.06521739130434782,0.11320754716981132,1.0,\n",
        "],\n",
        "\n",
        "\n",
        "\n",
        "\n",
        "[1.0,0.0,0.0,0.0,0.0,0.0,0.0,0.0,0.0,0.0,\n",
        "0.0,1.0,0.0,0.0,0.0,0.0,0.0,0.04,0.0,0.0,\n",
        "0.0,0.0,1.0,0.0,0.0,0.0,0.0,0.0,0.0,0.0,\n",
        "0.0,0.0,0.0,1.0,0.0,0.0,0.0,0.038461538461538464,0.0,0.0,\n",
        "0.0,0.0,0.0,0.0,1.0,0.0,0.0,0.0,0.0,0.0,\n",
        "0.0,0.0,0.0,0.0,0.0,1.0,0.0,0.0,0.0,0.0,\n",
        "0.0,0.0,0.0,0.0,0.0,0.0,1.0,0.0,0.0,0.05263157894736842,\n",
        "0.0,0.04,0.0,0.038461538461538464,0.0,0.0,0.0,1.0,0.0,0.0,\n",
        "0.0,0.0,0.0,0.0,0.0,0.0,0.0,0.0,1.0,0.0,\n",
        "0.0,0.0,0.0,0.0,0.0,0.0,0.05263157894736842,0.0,0.0,1.0,\n",
        "],\n",
        "[1.0,0.00980392156862745,0.009615384615384616,0.0,0.0196078431372549,0.05555555555555555,0.09090909090909091,0.06944444444444445,0.07042253521126761,0.0196078431372549,\n",
        "0.00980392156862745,1.0,0.0196078431372549,0.0,0.0392156862745098,0.022222222222222223,0.05194805194805195,0.05555555555555555,0.056338028169014086,0.0392156862745098,\n",
        "0.009615384615384616,0.0196078431372549,1.0,0.0,0.06862745098039216,0.022222222222222223,0.05194805194805195,0.041666666666666664,0.07042253521126761,0.058823529411764705,\n",
        "0.0,0.0,0.0,1.0,0.0,0.0,0.0,0.0,0.0,0.0,\n",
        "0.0196078431372549,0.0392156862745098,0.06862745098039216,0.0,1.0,0.03333333333333333,0.05194805194805195,0.09722222222222222,0.09859154929577464,0.049019607843137254,\n",
        "0.05555555555555555,0.022222222222222223,0.022222222222222223,0.0,0.03333333333333333,1.0,0.03896103896103896,0.19444444444444445,0.1267605633802817,0.03333333333333333,\n",
        "0.09090909090909091,0.05194805194805195,0.05194805194805195,0.0,0.05194805194805195,0.03896103896103896,1.0,0.08333333333333333,0.1267605633802817,0.11688311688311688,\n",
        "0.06944444444444445,0.05555555555555555,0.041666666666666664,0.0,0.09722222222222222,0.19444444444444445,0.08333333333333333,1.0,0.18309859154929578,0.09722222222222222,\n",
        "0.07042253521126761,0.056338028169014086,0.07042253521126761,0.0,0.09859154929577464,0.1267605633802817,0.1267605633802817,0.18309859154929578,1.0,0.11267605633802817,\n",
        "0.0196078431372549,0.0392156862745098,0.058823529411764705,0.0,0.049019607843137254,0.03333333333333333,0.11688311688311688,0.09722222222222222,0.11267605633802817,1.0,\n",
        "],\n",
        "[1.0,0.021367521367521368,0.016736401673640166,0.002857142857142857,0.034482758620689655,0.022653721682847898,0.04195804195804196,0.03208556149732621,0.035211267605633804,0.03932584269662921,\n",
        "0.021367521367521368,1.0,0.008547008547008548,0.0,0.04433497536945813,0.03418803418803419,0.04195804195804196,0.03208556149732621,0.028169014084507043,0.028089887640449437,\n",
        "0.016736401673640166,0.008547008547008548,1.0,0.02092050209205021,0.07389162561576355,0.0502092050209205,0.08391608391608392,0.10160427807486631,0.1056338028169014,0.056179775280898875,\n",
        "0.002857142857142857,0.0,0.02092050209205021,1.0,0.014778325123152709,0.006472491909385114,0.03496503496503497,0.0427807486631016,0.028169014084507043,0.028089887640449437,\n",
        "0.034482758620689655,0.04433497536945813,0.07389162561576355,0.014778325123152709,1.0,0.09852216748768473,0.15384615384615385,0.1657754010695187,0.14084507042253522,0.10674157303370786,\n",
        "0.022653721682847898,0.03418803418803419,0.0502092050209205,0.006472491909385114,0.09852216748768473,1.0,0.0979020979020979,0.12299465240641712,0.1267605633802817,0.08426966292134831,\n",
        "0.04195804195804196,0.04195804195804196,0.08391608391608392,0.03496503496503497,0.15384615384615385,0.0979020979020979,1.0,0.16083916083916083,0.1267605633802817,0.13286713286713286,\n",
        "0.03208556149732621,0.03208556149732621,0.10160427807486631,0.0427807486631016,0.1657754010695187,0.12299465240641712,0.16083916083916083,1.0,0.23943661971830985,0.08426966292134831,\n",
        "0.035211267605633804,0.028169014084507043,0.1056338028169014,0.028169014084507043,0.14084507042253522,0.1267605633802817,0.1267605633802817,0.23943661971830985,1.0,0.056338028169014086,\n",
        "0.03932584269662921,0.028089887640449437,0.056179775280898875,0.028089887640449437,0.10674157303370786,0.08426966292134831,0.13286713286713286,0.08426966292134831,0.056338028169014086,1.0,\n",
        "]]\n",
        "\n",
        "\n",
        "namesVector = [\"S\",\"P\",\"S\",\"O\",\"Oc\",\"Obj\",\"SG\",\"SV\",\"SL\",\"MPG\",\"MPV\",\"MPL\",\"MSG\",\"MSV\",\"MSL\",\"MOG\",\"MOV\",\"MOL\",\"MOcG\",\"MOcV\",\"MOcL\"]\n",
        "data = Bunch(target=[i for i in range(21)],target_names=namesVector, data=dataMatrix)\n",
        "X = data.data\n",
        "\n",
        "scaler = MinMaxScaler()\n",
        "X_scaled = scaler.fit_transform(X)\n",
        "\n",
        "mds = MDS(2,random_state=0)\n",
        "X_2d = mds.fit_transform(X_scaled)\n",
        "\n",
        "plt.rcParams['figure.figsize'] = [7, 7]\n",
        "plt.rc('font', size=12)\n",
        "\n",
        "#colors = list(mcolors.get_named_colors_mapping().values())\n",
        "colors = ['c','c','c','c','c','k','b','b','b','g','g','g','r','r','r','y','y','y','m','m','m']\n",
        "print(colors)\n",
        "\n",
        "for i in np.unique(data.target):\n",
        "  subset = X_2d[data.target == i]\n",
        "\n",
        "  x = [row[0] for row in subset]\n",
        "  y = [row[1] for row in subset]\n",
        "  print(y[0])\n",
        "  plt.scatter(x,y,c=colors[i])#,label=data.target_names[i])\n",
        "  plt.annotate(data.target_names[i],(x[0],y[0]),c=colors[i])\n",
        "\n",
        "plt.legend()\n",
        "plt.show()\n"
      ],
      "execution_count": null,
      "outputs": [
        {
          "output_type": "stream",
          "text": [
            "No handles with labels found to put in legend.\n"
          ],
          "name": "stderr"
        },
        {
          "output_type": "stream",
          "text": [
            "['c', 'c', 'c', 'c', 'c', 'k', 'b', 'b', 'b', 'g', 'g', 'g', 'r', 'r', 'r', 'y', 'y', 'y', 'm', 'm', 'm']\n",
            "0.09323595675082222\n",
            "0.8493195120200461\n",
            "-0.637604964599241\n",
            "0.32485676053352863\n",
            "0.7306362988546475\n",
            "-5.376714859315059\n",
            "1.333286375661159\n",
            "-0.31009868794336604\n",
            "-0.7600102049947776\n",
            "1.6347136473704365\n",
            "0.2671093780978254\n",
            "0.8745164226361172\n",
            "1.5068017133194684\n",
            "-0.693628839516801\n",
            "-2.5614697136388886\n",
            "1.5085785692772646\n",
            "0.7750151065672732\n",
            "-1.7381635158918436\n",
            "1.5225135272217898\n",
            "0.26037711511997014\n",
            "0.39673040246963\n"
          ],
          "name": "stdout"
        },
        {
          "output_type": "display_data",
          "data": {
